2906
860
3028
1036
697
4185
3990
68
3173
758
3703
761
2236
982
4289
1116
1579
3330
956
2689
3995
1766
578
2027
592
4885
4289
4050
3537
301
4927
4945
1250
205
695
2008
2201
290
970
502
4836
1496
3722
892
2622
1741
4062
2320
3809
4934
547
4203
4805
1788
2860
984
1830
2979
3612
684
1946
2876
4332
1947
2392
1228
663
4556
2674
1990
4464
1530
4873
2737
1813
2517
2924
1053
2200
2699
536
3787
4287
2482
3392
2829
2269
4449
3688
3441
1447
4606
3765
2340
3072
4348
4872
3298
616
2708
4910
256
4986
819
975
4547
1145
1150
462
2186
110
4297
270
3879
4472
2494
4848
1131
4919
4096
3572
1634
4125
1071
3252
2551
1171
269
827
2685
1363
2059
1348
4012
2320
3434
3984
1232
1758
515
715
12
518
176
1899
3004
3272
4144
53
578
3620
2961
4524
497
3350
4449
297
4733
1191
405
2989
2358
1756
233
2222
1942
1354
4653
2789
1970
3681
3013
3636
2647
1693
472
1344
4121
166
4831
3036
1662
1760
1756
1822
3910
1865
1440
1166
1877
2362
4344
2848
2257
95
4547
4643
3886
2606
1244
1798
4804
4418
632
2253
4930
659
4110
3836
1908
394
3946
2942
880
4793
774
3613
2712
4845
2
3281
4975
2799
4756
2938
3193
724
1721
3341
3485
394
1849
2192
2306
1744
3340
4890
3536
2980
1680
2668
42
4634
4145
126
4610
1190
3480
4441
4596
3734
4340
4665
1394
1057
2181
1041
1185
1854
3190
1647
313
3283
721
4131
2316
324
2214
2371
2843
4306
4587
724
1122
1731
2199
744
4949
4989
902
4076
3976
636
4539
4716
1187
3124
4696
2384
250
50
3699
3010
3099
28
574
1769
3015
3721
2594
5000
1830
3960
4370
3298
1294
4226
4054
4629
3847
1788
2399
3451
3949
1069
288
4229
4065
4887
750
4454
383
1049
3723
2276
940
3698
2171
3087
2667
2677
3297
2005
435
2120
2425
4628
4428
3087
1205
4292
1466
4383
4351
3993
3521
1541
4202
2798
1787
3214
2382
1489
764
2638
4437
4282
2796
826
3486
91
3638
4844
2255
4518
463
3675
3135
2185
4877
1786
802
2579
1715
1516
2216
1561
987
2082
1525
4717
4025
1688
3262
931
631
4739
4858
346
4596
1
3150
4207
1975
1216
2061
4866
2886
398
940
3047
1660
574
585
2756
1890
3697
3886
4739
2233
3293
1970
2869
3556
1572
2526
13
1152
2628
1503
25
4415
3623
1152
3389
440
2416
2162
863
1379
1480
4526
1520
956
4820
676
1940
2720
3035
764
4883
1984
4885
190
2025
1138
3791
3300
174
1529
1033
4665
2551
4786
427
4624
55
4649
3214
3107
2290
458
4706
4991
1256
3364
143
2791
761
3820
487
1664
1158
185
4433
2097
3182
3031
3597
719
242
3749
830
709
4843
1101
1777
2184
2729
3963
1402
4000
584
3052
3585
2884
4244
4879
4465
1745
2569
4942
907
3060
332
3970
1484
2910
2389
2602
1506
2332
3108
1694
3698
1256
4828
3791
2144
3112
4604
80
4534
4576
4263
3289
1828
4531
2875
481
2474
265
3850
189
2782
1661
1132
4962
1353
2565
4546
1940
3532
3927
4257
856
2765
2052
1306
4756
4119
4394
2909
4156
1874
4915
4392
2122
1536
1064
614
1187
4736
3356
1113
2611
4980
3993
3565
4043
3494
3483
3512
3776
2728
337
1760
2490
2764
4552
4007
4103
3516
4424
3045
1662
496
4675
4810
4
2861
3998
1148
4706
4191
4594
933
4870
1442
1049
3476
1603
3743
3156
962
1503
4721
4976
607
854
528
2120
4446
1068
2193
4345
1378
175
1640
4725
2572
989
4522
4115
3846
479
3486
2358
1221
2564
1849
452
67
2655
3876
3998
2230
3053
4943
1284
1766
2358
4463
1043
4157
1062
2319
3471
3994
1365
3132
4978
1784
4673
1997
211
1053
66
1143
2834
101
1133
386
3836
4951
3227
1127
4262
1686
826
2072
3970
3707
3417
4101
1283
3895
971
1451
2615
4369
3857
226
4452
4296
2141
1158
1440
3447
3102
2772
747
4654
3598
2139
644
1477
1345
3173
471
2567
46
4380
236
1102
3192
3081
2709
3466
1056
2942
3969
1488
3051
2990
3431
3684
3863
1193
2246
125
4518
4901
3126
3969
4425
1965
1433
3097
1294
4059
4670
4759
3386
1471
160
160
1690
2099
3460
4073
2006
4736
2999
4664
3751
3797
725
4180
4841
849
2139
786
612
3715
2485
4861
368
1450
4700
116
4265
4656
394
13
2581
6
2034
1049
2346
648
92
2640
1833
4753
1303
4609
4679
4559
3380
1005
2436
3941
2665
1949
4536
4117
4183
95
3203
4453
967
1764
4680
3652
3847
1204
1755
1450
619
2960
4671
775
4
1843
2723
2411
4042
3560
2882
2882
1708
2618
478
3243
432
3720
4219
4867
2311
191
4573
1073
1164
2459
3928
2831
477
2786
2838
2526
1287
3499
1820
4104
4179
3394
2
4674
628
730
4000
2471
1915
1313
4424
1830
316
1560
4797
272
2676
3460
4651
1499
682
4581
900
2221
2619
4156
266
1897
753
4783
410
545
3292
3927
1328
1085
5000
3487
631
216
3069
1487
4657
3066
1305
2262
2872
754
391
1372
397
4403
827
2158
2846
2666
4998
281
765
3516
3105
2162
3325
4474
1551
1679
1661
2701
1510
2685
3045
1968
1616
158
879
1022
135
3404
4004
654
4126
4186
4399
3281
3790
799
1868
143
4090
421
3596
47
468
4839
2405
2054
4413
718
3842
1920
3865
3385
3457
4476
3315
3662
918
2891
3724
790
2285
645
148
1658
2405
3430
1325
586
316
4562
4738
2309
1396
4366
1675
1216
1527
3583
324
3508
1988
3120
3116
1687
4373
4081
829
2316
4486
71
3238
1250
2020
4319
3620
1381
2966
3221
3628
2608
1995
1845
4197
3972
2534
2050
159
36
1457
2020
2188
1099
2668
995
2556
