1
1005
101
1022
1033
1036
1041
1043
1049
1049
1049
1053
1053
1056
1057
1062
1064
1068
1069
1071
1073
1085
1099
110
1101
1102
1113
1116
1122
1127
1131
1132
1133
1138
1143
1145
1148
1150
1152
1152
1158
1158
116
1164
1166
1171
1185
1187
1187
1190
1191
1193
12
1204
1205
1216
1216
1221
1228
1232
1244
125
1250
1250
1256
1256
126
1283
1284
1287
1294
1294
13
13
1303
1305
1306
1313
1325
1328
1344
1345
1348
135
1353
1354
1363
1365
1372
1378
1379
1381
1394
1396
1402
143
143
1433
1440
1440
1442
1447
1450
1450
1451
1457
1466
1471
1477
148
1480
1484
1487
1488
1489
1496
1499
1503
1503
1506
1510
1516
1520
1525
1527
1529
1530
1536
1541
1551
1560
1561
1572
1579
158
159
160
160
1603
1616
1634
1640
1647
1658
166
1660
1661
1661
1662
1662
1664
1675
1679
1680
1686
1687
1688
1690
1693
1694
1708
1715
1721
1731
174
1741
1744
1745
175
1755
1756
1756
1758
176
1760
1760
1764
1766
1766
1769
1777
1784
1786
1787
1788
1788
1798
1813
1820
1822
1828
1830
1830
1830
1833
1843
1845
1849
1849
185
1854
1865
1868
1874
1877
189
1890
1897
1899
190
1908
191
1915
1920
1940
1940
1942
1946
1947
1949
1965
1968
1970
1970
1975
1984
1988
1990
1995
1997
2
2
2005
2006
2008
2020
2020
2025
2027
2034
205
2050
2052
2054
2059
2061
2072
2082
2097
2099
211
2120
2120
2122
2139
2139
2141
2144
2158
216
2162
2162
2171
2181
2184
2185
2186
2188
2192
2193
2199
2200
2201
2214
2216
2221
2222
2230
2233
2236
2246
2253
2255
2257
226
2262
2269
2276
2285
2290
2306
2309
2311
2316
2316
2319
2320
2320
233
2332
2340
2346
2358
2358
2358
236
2362
2371
2382
2384
2389
2392
2399
2405
2405
2411
2416
242
2425
2436
2459
2471
2474
2482
2485
2490
2494
25
250
2517
2526
2526
2534
2551
2551
2556
256
2564
2565
2567
2569
2572
2579
2581
2594
2602
2606
2608
2611
2615
2618
2619
2622
2628
2638
2640
2647
265
2655
266
2665
2666
2667
2668
2668
2674
2676
2677
2685
2685
2689
269
2699
270
2701
2708
2709
2712
272
2720
2723
2728
2729
2737
2756
2764
2765
2772
2782
2786
2789
2791
2796
2798
2799
28
281
2829
2831
2834
2838
2843
2846
2848
2860
2861
2869
2872
2875
2876
288
2882
2882
2884
2886
2891
290
2906
2909
2910
2924
2938
2942
2942
2960
2961
2966
297
2979
2980
2989
2990
2999
3004
301
3010
3013
3015
3028
3031
3035
3036
3045
3045
3047
3051
3052
3053
3060
3066
3069
3072
3081
3087
3087
3097
3099
3102
3105
3107
3108
3112
3116
3120
3124
3126
313
3132
3135
3150
3156
316
316
3173
3173
3182
3190
3192
3193
3203
3214
3214
3221
3227
3238
324
324
3243
3252
3262
3272
3281
3281
3283
3289
3292
3293
3297
3298
3298
3300
3315
332
3325
3330
3340
3341
3350
3356
3364
337
3380
3385
3386
3389
3392
3394
3404
3417
3430
3431
3434
3441
3447
3451
3457
346
3460
3460
3466
3471
3476
3480
3483
3485
3486
3486
3487
3494
3499
3508
3512
3516
3516
3521
3532
3536
3537
3556
3560
3565
3572
3583
3585
3596
3597
3598
36
3612
3613
3620
3620
3623
3628
3636
3638
3652
3662
3675
368
3681
3684
3688
3697
3698
3698
3699
3703
3707
3715
3720
3721
3722
3723
3724
3734
3743
3749
3751
3765
3776
3787
3790
3791
3791
3797
3809
3820
383
3836
3836
3842
3846
3847
3847
3850
3857
386
3863
3865
3876
3879
3886
3886
3895
391
3910
3927
3927
3928
394
394
394
3941
3946
3949
3960
3963
3969
3969
397
3970
3970
3972
3976
398
3984
3990
3993
3993
3994
3995
3998
3998
4
4
4000
4000
4004
4007
4012
4025
4042
4043
405
4050
4054
4059
4062
4065
4073
4076
4081
4090
4096
410
4101
4103
4104
4110
4115
4117
4119
4121
4125
4126
4131
4144
4145
4156
4156
4157
4179
4180
4183
4185
4186
4191
4197
42
4202
4203
4207
421
4219
4226
4229
4244
4257
4262
4263
4265
427
4282
4287
4289
4289
4292
4296
4297
4306
4319
432
4332
4340
4344
4345
4348
435
4351
4366
4369
4370
4373
4380
4383
4392
4394
4399
440
4403
4413
4415
4418
4424
4424
4425
4428
4433
4437
4441
4446
4449
4449
4452
4453
4454
4463
4464
4465
4472
4474
4476
4486
4518
4518
452
4522
4524
4526
4531
4534
4536
4539
4546
4547
4547
4552
4556
4559
4562
4573
4576
458
4581
4587
4594
4596
4596
46
4604
4606
4609
4610
462
4624
4628
4629
463
4634
4643
4649
4651
4653
4654
4656
4657
4664
4665
4665
4670
4671
4673
4674
4675
4679
468
4680
4696
47
4700
4706
4706
471
4716
4717
472
4721
4725
4733
4736
4736
4738
4739
4739
4753
4756
4756
4759
477
478
4783
4786
479
4793
4797
4804
4805
481
4810
4820
4828
4831
4836
4839
4841
4843
4844
4845
4848
4858
4861
4866
4867
487
4870
4872
4873
4877
4879
4883
4885
4885
4887
4890
4901
4910
4915
4919
4927
4930
4934
4942
4943
4945
4949
4951
496
4962
497
4975
4976
4978
4980
4986
4989
4991
4998
50
5000
5000
502
515
518
528
53
536
545
547
55
574
574
578
578
584
585
586
592
6
607
612
614
616
619
628
631
631
632
636
644
645
648
654
659
66
663
67
676
68
682
684
695
697
709
71
715
718
719
721
724
724
725
730
744
747
750
753
754
758
761
761
764
764
765
774
775
786
790
799
80
802
819
826
826
827
827
829
830
849
854
856
860
863
879
880
892
900
902
907
91
918
92
931
933
940
940
95
95
956
956
962
967
970
971
975
982
984
987
989
995
